6954
3819
5932
6814
4327
9460
6396
1690
2207
7129
3601
2781
3796
776
4591
1410
4558
2087
2651
2269
9326
4514
586
6192
9781
9621
8969
2051
5611
4320
222
2229
1569
2053
894
98
4222
1791
7027
3979
6953
7504
2629
899
4891
3667
6817
3130
2397
3701
6202
1256
7068
7792
2569
8454
4649
3329
8600
4845
2174
1262
2741
8495
6735
3275
8102
7910
6113
1823
7748
2379
6348
2631
2363
8193
5882
6967
1994
2406
687
136
4002
936
1343
9046
5140
275
6857
4196
284
3244
4495
5980
1912
1694
1073
6392
7963
6148
6667
8384
3669
4215
22
2458
2856
3750
1510
7405
5356
8321
4843
1632
5644
3491
4860
5570
5256
688
4738
1589
9642
5179
1443
5580
1191
3472
9557
3621
9253
4978
9107
2762
6356
7460
6071
8539
6994
9872
2013
4172
290
603
2157
5151
3552
1541
4120
2647
4615
6608
9561
950
4060
80
2915
8570
4958
587
7329
6022
811
3305
7680
8705
2113
2441
6171
4675
4965
357
6945
621
2167
5813
92
2022
5749
7507
8350
1426
8605
1773
7236
9977
2056
8885
7065
382
6807
452
1406
6904
4312
8768
4892
5824
936
1841
4937
3514
8086
3275
8588
9797
8333
1152
754
8595
3090
7013
569
1048
9059
7812
2785
732
2217
8496
8599
8911
9545
7301
1747
1179
9793
7744
9802
1724
9268
6229
8860
2717
4976
9899
250
6144
7058
3418
6419
53
6497
7190
3113
2047
5324
4230
9698
7533
8725
7323
4954
3446
7962
3253
7417
6017
4591
8113
1433
2641
5529
1288
4599
1548
2615
241
7324
6566
1354
53
8473
6605
5255
6666
5517
1890
4901
2893
5043
771
8594
5276
2888
2972
530
2783
4888
7422
4409
6491
893
7270
7361
2297
694
1528
818
1345
9633
4891
3453
859
1240
4528
8719
2809
9401
4970
35
8020
8827
6915
8908
1001
4648
8931
7707
1016
806
4712
5016
995
7549
8467
1615
709
3089
3012
3939
6227
1850
1880
9268
5223
5392
3411
9072
8960
9113
5374
6659
1711
5697
7448
5112
9120
3510
8634
6394
2664
3693
7750
5014
5719
6260
8783
6067
6513
7900
9670
5750
6639
1381
2456
1161
3184
7300
3392
4099
2723
5554
4116
8212
1192
7707
7163
5485
8518
6535
4614
9946
325
6710
1414
1367
6252
8440
7697
3234
8635
353
2951
9033
3070
2182
8468
1775
9899
5211
5153
4416
443
651
9140
3526
6038
6023
9698
5608
6817
9044
3569
933
3423
3190
7720
8344
9690
3761
1617
7616
65
3083
4853
4934
279
3703
6990
9139
114
4781
2684
6235
7200
4589
2551
1708
8181
7511
3700
2189
7614
147
4654
9436
7559
1111
5403
1338
1863
5687
1114
1867
7209
8895
8974
2960
6229
9185
3729
3261
9228
776
6056
3074
9576
5812
6152
2785
2966
5385
3899
2006
1534
7216
5659
8158
5158
322
4804
7518
7341
3173
6453
8916
6058
2468
8403
2685
3150
2889
4087
1662
2226
6428
351
9577
125
2082
