SEM HEAPS / COM HEAPS / TAM
0 0 1
0 0 2
0 0 3
0 1 4
2 0 5
0 2 6
2 0 7
6 0 8
6 0 9
0 2 10
7 0 11
8 0 12
7 0 13
12 0 14
5 0 15
13 0 16
6 2 17
13 0 18
12 1 19
13 0 20
0 3 21
8 1 22
21 0 23
5 2 24
0 4 25
0 3 26
3 1 27
22 1 28
10 1 29
15 0 30
29 0 31
22 1 32
27 0 33
25 1 34
30 0 35
34 0 36
16 2 37
28 0 38
5 3 39
18 1 40
7 2 41
4 3 42
26 0 43
37 0 44
14 2 45
24 1 46
9 2 47
27 1 48
31 0 49
25 0 50
12 2 51
44 0 52
6 1 53
4 1 54
35 0 55
4 3 56
20 0 57
33 1 58
4 3 59
21 2 60
45 0 61
53 1 62
38 1 63
5 4 64
16 2 65
38 1 66
7 3 67
8 2 68
22 1 69
56 1 70
10 1 71
50 1 72
21 3 73
48 1 74
53 0 75
7 3 76
27 1 77
16 2 78
64 0 79
54 1 80
76 0 81
79 0 82
39 1 83
74 0 84
72 0 85
3 4 86
31 0 87
83 0 88
20 3 89
42 1 90
85 0 91
52 1 92
39 1 93
29 2 94
74 0 95
77 0 96
84 0 97
25 3 98
10 3 99
30 1 100
25 2 101
8 3 102
55 0 103
49 1 104
103 0 105
69 0 106
63 0 107
55 0 108
90 0 109
16 1 110
39 0 111
9 2 112
44 0 113
93 0 114
39 1 115
65 1 116
44 1 117
41 1 118
43 0 119
110 0 120
49 2 121
100 0 122
0 5 123
45 2 124
105 0 125
42 2 126
111 0 127
73 1 128
2 6 129
72 1 130
5 4 131
50 1 132
6 3 133
85 0 134
35 1 135
21 2 136
42 0 137
10 3 138
27 0 139
0 7 140
109 0 141
73 1 142
135 0 143
134 1 144
107 1 145
56 3 146
85 1 147
123 0 148
75 2 149
98 1 150
65 2 151
37 2 152
3 5 153
137 0 154
79 0 155
153 0 156
97 1 157
12 3 158
62 0 159
149 0 160
27 3 161
50 1 162
147 0 163
98 1 164
24 4 165
11 4 166
124 0 167
115 1 168
49 2 169
73 1 170
67 1 171
162 0 172
37 1 173
160 0 174
128 0 175
58 2 176
173 0 177
135 1 178
59 1 179
26 4 180
18 4 181
152 1 182
12 4 183
145 1 184
33 3 185
0 7 186
139 0 187
12 3 188
38 1 189
178 0 190
48 1 191
179 0 192
162 0 193
45 3 194
95 1 195
13 4 196
82 0 197
68 1 198
174 0 199
154 0 200
83 1 201
117 0 202
26 3 203
123 0 204
17 3 205
1 6 206
25 1 207
180 0 208
189 0 209
18 3 210
131 0 211
46 2 212
199 0 213
185 0 214
11 4 215
34 3 216
137 0 217
197 0 218
154 1 219
23 3 220
19 3 221
14 3 222
7 4 223
47 2 224
177 0 225
193 0 226
2 5 227
42 2 228
1 6 229
181 0 230
12 2 231
75 2 232
20 3 233
152 0 234
100 1 235
0 6 236
229 0 237
82 1 238
58 1 239
143 1 240
74 3 241
239 0 242
74 3 243
55 3 244
153 0 245
185 0 246
101 1 247
127 2 248
6 4 249
49 2 250
24 3 251
56 2 252
114 0 253
153 1 254
44 2 255
160 1 256
55 2 257
96 1 258
128 0 259
41 3 260
218 0 261
178 0 262
108 1 263
225 0 264
130 1 265
218 0 266
183 0 267
259 0 268
59 2 269
83 1 270
229 0 271
268 0 272
35 3 273
84 1 274
116 0 275
83 1 276
114 0 277
215 0 278
128 0 279
180 1 280
122 1 281
255 0 282
30 3 283
118 2 284
184 0 285
182 1 286
269 0 287
188 2 288
134 3 289
58 4 290
149 0 291
90 3 292
262 0 293
65 3 294
61 3 295
212 1 296
271 0 297
244 0 298
267 0 299
252 0 300
8 6 301
138 2 302
179 0 303
271 0 304
260 0 305
152 0 306
26 4 307
198 1 308
14 4 309
134 1 310
308 0 311
49 2 312
25 3 313
85 1 314
23 3 315
275 0 316
154 1 317
22 3 318
60 1 319
278 1 320
289 0 321
154 2 322
138 2 323
282 1 324
62 3 325
43 4 326
259 0 327
300 1 328
206 1 329
207 0 330
182 1 331
110 1 332
254 0 333
254 0 334
16 5 335
138 2 336
133 2 337
202 1 338
20 4 339
24 3 340
19 4 341
137 1 342
103 1 343
271 1 344
131 1 345
72 3 346
150 0 347
19 4 348
206 0 349
37 2 350
114 0 351
238 1 352
202 1 353
65 3 354
157 1 355
136 1 356
119 2 357
33 4 358
130 0 359
112 1 360
64 3 361
7 5 362
141 0 363
111 1 364
307 0 365
259 1 366
318 0 367
233 1 368
87 3 369
228 1 370
206 1 371
253 0 372
151 1 373
207 1 374
57 3 375
324 0 376
72 2 377
93 1 378
157 0 379
48 2 380
120 0 381
196 1 382
0 7 383
368 0 384
114 3 385
322 1 386
326 0 387
133 2 388
55 4 389
77 2 390
250 0 391
40 4 392
376 0 393
259 0 394
27 4 395
258 0 396
294 0 397
55 2 398
315 0 399
1 6 400
177 1 401
179 1 402
215 0 403
384 0 404
377 0 405
22 3 406
243 0 407
151 1 408
152 0 409
8 5 410
167 0 411
118 1 412
30 2 413
248 0 414
371 0 415
257 2 416
268 1 417
82 3 418
65 3 419
10 5 420
244 0 421
342 0 422
89 1 423
418 0 424
279 1 425
210 2 426
204 2 427
413 0 428
249 1 429
116 1 430
25 3 431
422 0 432
216 1 433
302 0 434
150 1 435
108 2 436
229 1 437
314 1 438
352 0 439
72 2 440
94 0 441
259 0 442
330 0 443
92 1 444
433 0 445
225 0 446
19 4 447
94 2 448
392 0 449
189 1 450
384 0 451
352 1 452
180 1 453
396 0 454
353 0 455
113 1 456
40 2 457
35 2 458
304 0 459
160 1 460
25 2 461
268 0 462
294 0 463
25 3 464
424 0 465
173 1 466
307 0 467
15 3 468
184 1 469
169 1 470
321 0 471
314 0 472
202 1 473
270 1 474
367 0 475
393 0 476
118 2 477
192 0 478
79 2 479
215 2 480
461 0 481
240 1 482
103 4 483
113 3 484
314 0 485
158 1 486
42 4 487
181 2 488
353 0 489
72 3 490
344 0 491
319 1 492
334 0 493
277 1 494
403 0 495
369 1 496
161 2 497
476 0 498
15 4 499
489 0 500
381 1 501
